% Take the data from Montecarlo simulation


data=[8.7220E-05
  4.3575E-04
  3.4840E-04
  2.3577E-04
  4.9820E-04
  3.0822E-04
  3.0070E-04
  1.5577E-04
  2.1771E-04
  2.9673E-04
  3.2580E-04
  3.0979E-04
  2.5452E-04
  3.6910E-04
  2.6057E-04
  3.1424E-04
  2.5027E-04
  2.4002E-04
  3.4301E-04
  2.9018E-04
  3.3265E-04
  3.0196E-04
  2.6734E-04
  2.8364E-04
  2.1462E-04
  2.5729E-04
  3.0083E-04
  2.6600E-04
  2.8631E-04
  3.6133E-04
  2.7492E-04
  3.1039E-04
  3.0124E-04
  2.6695E-04
  2.7293E-04
  3.3651E-04
  2.8908E-04
  3.2638E-04
  3.1444E-04
  2.8841E-04
  3.1478E-04
  2.8562E-04
  2.6417E-04
  3.0538E-04
  3.2463E-04
  2.8713E-04
  2.9789E-04
  2.5775E-04
  2.9590E-04
  3.6497E-04
  3.4332E-04
  3.3116E-04
  3.2527E-04
  2.8495E-04
  3.4643E-04
  3.3805E-04
  3.1517E-04
  3.5003E-04
  3.5244E-04
  3.1278E-04
  3.0253E-04
  3.4308E-04
  2.9309E-04
  2.8411E-04
  3.4959E-04
  3.1048E-04
  3.5166E-04
  3.0215E-04
  3.0540E-04
  3.7976E-04
  2.9623E-04
  3.6263E-04
  3.1077E-04
  3.0710E-04
  3.3167E-04
  3.6637E-04
  3.3967E-04
  3.7771E-04
  3.5539E-04
  2.9510E-04
  3.5970E-04
  3.0915E-04
  3.1829E-04
  3.6893E-04
  3.5945E-04
  3.5869E-04
  3.4900E-04
  3.5493E-04
  3.4750E-04
  3.0907E-04
  3.8099E-04
  3.5598E-04
  3.8230E-04
  3.4663E-04
  3.8292E-04
  4.1159E-04
  3.5700E-04
  3.6950E-04
  3.8859E-04
  3.4297E-04
  3.7227E-04
  3.4384E-04
  3.5959E-04
  3.7577E-04
  3.6328E-04
  4.0706E-04
  4.0331E-04
  4.0343E-04
  3.9477E-04
  4.6150E-04
  4.1854E-04
  4.1592E-04
  3.5768E-04
  4.0691E-04
  4.3057E-04
  4.4083E-04
  4.1627E-04
  4.2388E-04
  4.1378E-04
  4.0290E-04
  4.0611E-04
  4.1516E-04
  4.4214E-04
  4.4052E-04
  4.3816E-04
  4.6556E-04
  4.1113E-04
  4.3199E-04
  4.4648E-04
  4.6653E-04
  4.7723E-04
  4.5342E-04
  3.9812E-04
  4.4425E-04
  4.6095E-04
  4.5067E-04
  4.5797E-04
  4.5637E-04
  4.3822E-04
  4.5731E-04
  4.7616E-04
  4.6038E-04
  4.5214E-04
  4.5258E-04
  5.0116E-04
  4.4680E-04
  4.9720E-04
  4.4997E-04
  4.7715E-04
  4.4900E-04
  5.0025E-04
  5.1106E-04
  4.6670E-04
  5.1878E-04
  5.2507E-04
  4.6590E-04
  4.8397E-04
  5.2272E-04
  4.9520E-04
  5.4186E-04
  5.4082E-04
  5.7491E-04
  5.1659E-04
  5.0413E-04
  5.3505E-04
  5.3053E-04
  4.7829E-04
  5.0934E-04
  5.3792E-04
  5.3348E-04
  5.4382E-04
  5.3485E-04
  6.0843E-04
  5.7885E-04
  5.3321E-04
  5.6258E-04
  5.8304E-04
  5.5338E-04
  5.9182E-04
  5.7833E-04
  6.1857E-04
  5.8710E-04
  5.7685E-04
  5.8909E-04
  6.0635E-04
  6.2876E-04
  6.3805E-04
  6.6699E-04
  6.2507E-04
  6.2470E-04
  6.3002E-04
  6.6504E-04
  5.9098E-04
  6.6261E-04
  6.1792E-04
  6.8531E-04
  6.4843E-04
  6.8135E-04
  6.7462E-04
  7.0866E-04
  6.5806E-04
  6.5698E-04
  7.2421E-04
  6.6883E-04
  6.5529E-04
  6.7985E-04
  7.0996E-04
  6.7490E-04
  7.3611E-04
  7.5176E-04
  7.4711E-04
  7.3091E-04
  7.6226E-04
  7.7425E-04
  7.7793E-04
  7.2701E-04
  7.6208E-04
  7.9864E-04
  8.0102E-04
  7.6187E-04
  7.8344E-04
  8.4844E-04
  7.7038E-04
  8.1293E-04
  8.0175E-04
  8.0549E-04
  8.6996E-04
  8.3220E-04
  8.3255E-04
  8.5520E-04
  8.3077E-04
  8.6458E-04
  9.1378E-04
  9.0739E-04
  9.1474E-04
  8.4598E-04
  8.5304E-04
  8.9102E-04
  9.2821E-04
  9.1608E-04
  9.4236E-04
  9.6820E-04
  1.0098E-03
  9.8492E-04
  9.8324E-04
  9.6214E-04
  9.4354E-04
  9.5641E-04
  1.0172E-03
  9.9788E-04
  1.0343E-03
  1.0313E-03
  1.0207E-03
  1.0370E-03
  1.0297E-03
  1.0294E-03
  1.0702E-03
  1.0158E-03
  1.0994E-03
  1.1039E-03
  1.1196E-03
  1.1321E-03
  1.2113E-03
  1.1507E-03
  1.1084E-03
  1.1113E-03
  1.1282E-03
  1.1619E-03
  1.2096E-03
  1.1720E-03
  1.1910E-03
  1.2471E-03
  1.2171E-03
  1.2693E-03
  1.2467E-03
  1.2082E-03
  1.2339E-03
  1.2425E-03
  1.3080E-03
  1.2792E-03
  1.3210E-03
  1.3533E-03
  1.3434E-03
  1.3248E-03
  1.3605E-03
  1.4117E-03
  1.3684E-03
  1.3522E-03
  1.3939E-03
  1.4035E-03
  1.4280E-03
  1.4263E-03
  1.4307E-03
  1.5012E-03
  1.5443E-03
  1.5398E-03
  1.4996E-03
  1.5107E-03
  1.5288E-03
  1.5531E-03
  1.5626E-03
  1.5610E-03
  1.6187E-03
  1.6417E-03
  1.5505E-03
  1.6015E-03
  1.7141E-03
  1.6744E-03
  1.6212E-03
  1.7101E-03
  1.6607E-03
  1.6822E-03
  1.6661E-03
  1.7254E-03
  1.7927E-03
  1.8343E-03
  1.8307E-03
  1.7487E-03
  1.8193E-03
  1.8813E-03
  1.8688E-03
  1.9708E-03
  1.9622E-03
  1.8727E-03
  1.9886E-03
  2.0278E-03
  1.9718E-03
  2.0151E-03
  2.0648E-03
  2.0236E-03
  2.1323E-03
  2.0761E-03
  2.0766E-03
  2.0787E-03
  2.1754E-03
  2.1335E-03
  2.2041E-03
  2.2343E-03
  2.3020E-03
  2.2334E-03
  2.2601E-03
  2.2855E-03
  2.3453E-03
  2.3810E-03
  2.3741E-03
  2.4108E-03
  2.4397E-03
  2.5487E-03
  2.4402E-03
  2.5559E-03
  2.5296E-03
  2.4837E-03
  2.6120E-03
  2.6395E-03
  2.6775E-03
  2.6168E-03
  2.6746E-03
  2.7051E-03
  2.8007E-03
  2.7345E-03
  2.8017E-03
  2.6954E-03
  2.8920E-03
  2.8119E-03
  2.9205E-03
  2.9691E-03
  2.9508E-03
  2.9985E-03
  3.0309E-03
  2.9812E-03
  3.0637E-03
  3.1477E-03
  3.0901E-03
  3.1270E-03
  3.1625E-03
  3.1375E-03
  3.3300E-03
  3.2836E-03
  3.2806E-03
  3.4227E-03
  3.3572E-03
  3.4173E-03
  3.4885E-03
  3.5503E-03
  3.4612E-03
  3.5598E-03
  3.6262E-03
  3.6481E-03
  3.7078E-03
  3.7162E-03
  3.7967E-03
  3.8585E-03
  3.7623E-03
  3.7426E-03
  3.8765E-03
  3.9544E-03
  4.0101E-03
  4.0963E-03
  4.1740E-03
  4.1801E-03
  4.1220E-03
  4.1055E-03
  4.1258E-03
  4.4198E-03
  4.3643E-03
  4.3912E-03
  4.3209E-03
  4.3932E-03
  4.4986E-03
  4.6767E-03
  4.6103E-03
  4.6577E-03
  4.8328E-03
  4.8072E-03
  4.9022E-03
  4.9727E-03
  5.0504E-03
  4.9744E-03
  4.9804E-03
  5.0685E-03
  5.2780E-03
  5.0677E-03
  5.3484E-03
  5.3138E-03
  5.3378E-03
  5.5321E-03
  5.5263E-03
  5.6418E-03
  5.6539E-03
  5.7803E-03
  5.8524E-03
  5.8020E-03
  5.9515E-03
  5.9438E-03
  6.0838E-03
  5.8776E-03
  6.0677E-03
  6.1224E-03
  6.3233E-03
  6.3263E-03
  6.2449E-03
  6.5107E-03
  6.6070E-03
  6.6525E-03
  6.6265E-03
  6.8356E-03
  6.8972E-03
  6.9967E-03
  7.0776E-03
  7.1661E-03
  7.2585E-03
  7.2165E-03
  7.1912E-03
  7.4865E-03
  7.6010E-03
  7.5782E-03
  7.7214E-03
  7.9872E-03
  7.9670E-03
  7.9857E-03
  8.1881E-03
  8.1379E-03
  8.2643E-03
  8.4450E-03
  8.4919E-03
  8.6958E-03
  8.5496E-03
  8.9609E-03
  8.9078E-03
  8.9781E-03
  9.2401E-03
  9.2390E-03
  9.3783E-03
  9.4795E-03
  9.8571E-03
  9.7707E-03
  1.0008E-02
  1.0026E-02
  1.0289E-02
  1.0491E-02
  1.0498E-02
  1.0679E-02
  1.0957E-02
  1.1218E-02
  1.1189E-02
  1.1490E-02
  1.1585E-02
  1.1995E-02
  1.1941E-02
  1.2395E-02
  1.2551E-02
  1.2891E-02
  1.3114E-02
  1.3225E-02
  1.3818E-02
  1.4424E-02
  1.4799E-02
  1.5553E-02
  1.6196E-02
  1.8281E-02
  3.9426E-02
  3.6600E-02
  3.4985E-02
  3.4084E-02
  3.3308E-02
  3.3161E-02
  3.1945E-02
  3.1469E-02
  3.0873E-02
  3.0774E-02
  3.0250E-02
  2.9827E-02
  2.9904E-02
  2.8843E-02
  2.8548E-02
  2.8233E-02
  2.8307E-02
  2.7785E-02
  2.7675E-02
  2.7281E-02
  2.7051E-02
  2.6691E-02
  2.6412E-02
  2.5892E-02
  2.5763E-02
  2.5356E-02
  2.5561E-02
  2.5109E-02
  2.4654E-02
  2.4180E-02
  2.3854E-02
  2.3860E-02
  2.3746E-02
  2.3254E-02
  2.3177E-02
  2.2967E-02
  2.2785E-02
  2.2374E-02
  2.2007E-02
  2.1572E-02
  2.1714E-02
  2.1417E-02
  2.1019E-02
  2.0763E-02
  2.0722E-02
  2.0119E-02
  2.0060E-02
  1.9978E-02
  1.9435E-02
  1.9409E-02
  1.9128E-02
  1.8635E-02
  1.8870E-02
  1.8480E-02
  1.8079E-02
  1.7877E-02
  1.7909E-02
  1.7608E-02
  1.7209E-02
  1.7117E-02
  1.7157E-02
  1.6724E-02
  1.6584E-02
  1.6489E-02
  1.6107E-02
  1.6056E-02
  1.5534E-02
